%YAML:1.0
M1: !!opencv-matrix
   rows: 3
   cols: 3
   dt: d
   data: [ 5.8131650601427611e+002, 0., 3.2129951430023323e+002, 0.,
       5.8171107261220686e+002, 2.4436275976665519e+002, 0., 0., 1. ]
D1: !!opencv-matrix
   rows: 1
   cols: 5
   dt: d
   data: [ -8.4711801185850852e-002, 2.7299046951508804e-001,
       -4.0523927486664163e-003, -7.9595488381654315e-004,
       -3.2591262443861430e-001 ]
M2: !!opencv-matrix
   rows: 3
   cols: 3
   dt: d
   data: [ 5.1518126321064449e+002, 0., 3.2731700588660777e+002, 0.,
       5.1506338568844194e+002, 2.3980938848600374e+002, 0., 0., 1. ]
D2: !!opencv-matrix
   rows: 1
   cols: 5
   dt: d
   data: [ 3.7121875319481829e-002, -2.3511522912641872e-001,
       -1.9578982457410213e-003, 3.0211046829412688e-003,
       2.7464695803256356e-001 ]
R: !!opencv-matrix
   rows: 3
   cols: 3
   dt: d
   data: [ 9.9998747224107520e-001, -2.1261080537163446e-003,
       -4.5315588321010085e-003, 2.0971880302804082e-003,
       9.9997746668558474e-001, -6.3771406951741560e-003,
       4.5450152112527344e-003, 6.3675572729517110e-003,
       9.9996939805731311e-001 ]
T: !!opencv-matrix
   rows: 3
   cols: 1
   dt: d
   data: [ -2.5694625208398442e+001, -4.1107136911268977e-001,
       -4.5842089217947279e-001 ]
