%YAML:1.0
M1: !!opencv-matrix
   rows: 3
   cols: 3
   dt: d
   data: [ 5.7707844851988921e+002, 0., 3.2601778101375095e+002, 0.,
       5.7553656392665607e+002, 2.4024033474503878e+002, 0., 0., 1. ]
D1: !!opencv-matrix
   rows: 1
   cols: 5
   dt: d
   data: [ -9.7990258812051353e-002, 3.2792020259770510e-001,
       -1.2196727375052546e-003, 3.9571063966940137e-003,
       -3.6610321201398960e-001 ]
