%YAML:1.0
M1: !!opencv-matrix
   rows: 3
   cols: 3
   dt: d
   data: [ 5.7274404603279629e+002, 0., 3.2468003906773782e+002, 0.,
       5.7145437170107039e+002, 2.3690403909347884e+002, 0., 0., 1. ]
D1: !!opencv-matrix
   rows: 1
   cols: 5
   dt: d
   data: [ -8.5182381953131353e-002, 3.5620728323579853e-001,
       -2.3145608895683688e-003, 4.3075194949258948e-004,
       -6.0990562170884355e-001 ]
