%YAML:1.0
M1: !!opencv-matrix
   rows: 3
   cols: 3
   dt: d
   data: [ 5.7427846904018054e+002, 0., 3.2175786276791786e+002, 0.,
       5.7446094807044415e+002, 2.5171112757737777e+002, 0., 0., 1. ]
D1: !!opencv-matrix
   rows: 1
   cols: 5
   dt: d
   data: [ -7.8325452801894166e-002, 2.6185694135073762e-001,
       2.7484448967841945e-004, 2.2920506875115437e-003,
       -3.0674307598450729e-001 ]
M2: !!opencv-matrix
   rows: 3
   cols: 3
   dt: d
   data: [ 5.1344519511906708e+002, 0., 3.3984230806301565e+002, 0.,
       5.1362798420860508e+002, 2.3855945249263979e+002, 0., 0., 1. ]
D2: !!opencv-matrix
   rows: 1
   cols: 5
   dt: d
   data: [ 0., 0., 0., 0., 0. ]
R: !!opencv-matrix
   rows: 3
   cols: 3
   dt: d
   data: [ 9.9999387516246385e-001, -2.7313024789670484e-003,
       2.1885210364711162e-003, 2.7640548048406071e-003,
       9.9988209375280312e-001, -1.5104919514729200e-002,
       -2.1470068920536110e-003, 1.5110876191637529e-002,
       9.9988351910716400e-001 ]
T: !!opencv-matrix
   rows: 3
   cols: 1
   dt: d
   data: [ -2.5242452109211886e+001, -4.6241687154634825e-001,
       4.8534729321656105e+000 ]
