# Created by Octave 4.0.0, Wed Mar 14 20:33:03 2018 CST <hujia@hujia>
# name: svmp2
# type: matrix
# rows: 419
# columns: 1
0.310979
0.278019
0.305388
0.359949
0.764625
0.609187
0.440444
0.176007
0.473117
0.609187
0.163220
0.129796
0.149904
0.759370
1.212517
0.619998
0.241660
0.329253
0.129323
0.332490
0.354316
0.305388
0.130280
0.440444
0.831930
0.883577
1.002138
0.318922
0.198154
0.619998
0.354316
0.318922
0.636594
0.428415
0.437743
0.163220
0.759370
0.387127
0.280491
0.764625
0.286074
0.732569
0.831930
1.342370
0.768823
0.288823
0.402412
0.764625
0.537015
0.853607
1.032652
0.308549
0.278019
0.412938
0.129796
0.260603
0.609187
0.550159
0.619998
0.764625
0.112938
0.112690
0.422707
1.002138
0.260603
0.631742
0.619998
0.408440
0.437743
0.592806
0.594613
0.327284
0.305388
0.305388
0.678790
0.342890
0.305388
1.000883
0.305388
0.334643
1.014486
0.264903
0.590149
0.153126
0.705895
1.212517
0.440444
0.449527
0.853236
0.129796
0.129796
0.290649
0.370700
0.221175
0.595446
1.270933
0.805144
0.251845
0.339619
0.237553
0.278019
0.641469
0.163220
0.082500
0.715594
0.768823
0.418387
1.212517
0.595446
0.129796
0.434046
0.490381
-0.021673
0.278019
0.945305
0.129796
0.319409
0.913965
0.130280
1.212517
0.594613
0.595446
1.211349
0.163220
1.002138
0.465054
0.281224
0.242824
1.212517
0.220191
0.853607
0.341672
0.595446
0.260603
0.163220
0.205750
0.288113
0.476359
0.260603
0.251845
0.595446
0.542463
0.853236
0.619998
0.085403
0.221175
0.318922
0.384577
0.557975
0.678790
0.567832
0.679196
0.556658
0.163220
0.477971
0.148065
0.732569
0.595446
0.288823
0.542053
0.678790
0.570601
1.211349
1.002138
0.163220
1.175653
0.853607
0.678790
1.002138
0.521207
0.619998
0.124434
0.259947
0.221175
0.210060
1.002138
0.410262
0.795666
0.853607
0.280196
0.354316
0.129796
0.095364
1.002138
0.853607
0.756112
1.209187
0.490381
0.043921
0.283213
0.951870
0.318922
0.246252
0.470049
0.683721
0.853607
0.787469
0.201138
0.129796
0.609187
0.595446
0.107630
0.948387
0.407530
0.278019
0.322451
0.764625
0.162494
0.240007
0.660174
0.570322
1.002760
0.816556
0.163220
0.595446
0.944874
0.251845
0.251845
1.055328
0.085431
0.260603
0.221175
0.768823
0.429513
0.354316
0.354316
1.002138
0.561350
0.678790
0.305388
0.201743
0.764625
0.340480
0.817097
0.251845
0.957294
1.211349
0.519902
0.594613
1.002138
0.354316
0.796688
0.798070
0.183927
0.278019
0.853607
0.609187
0.129796
0.417187
0.354316
0.939031
0.609187
0.330450
0.678790
0.768823
0.916877
0.678790
0.331075
0.440444
0.711239
0.251845
0.820500
0.260603
0.354949
0.221175
-0.036075
0.832452
1.211349
0.711239
0.764625
0.354316
0.345515
1.270933
0.155126
0.240007
0.259760
0.251845
0.318922
0.240805
0.856320
0.756821
0.354316
0.476188
0.235793
0.102007
0.768823
0.260603
0.766477
0.278019
0.386859
0.195263
0.720452
0.593453
0.759370
0.449527
1.055328
0.760412
0.163220
0.550159
0.594613
0.305850
0.817754
0.260603
0.764625
0.609187
0.281323
0.520319
0.636594
0.911761
0.594613
0.215584
0.275539
0.204213
0.152700
0.334162
0.183927
0.251845
0.221175
0.148420
0.676629
0.768823
0.473991
0.594613
0.672698
0.471123
0.600124
0.619998
0.619998
0.594613
1.211349
0.129796
0.731722
1.211349
-0.015999
1.211349
0.095306
0.259947
0.675547
0.853607
0.764625
0.357894
1.212517
0.777727
0.990971
0.768823
0.254488
0.883781
1.211349
0.678790
0.967664
1.211349
0.404019
0.459308
0.181606
0.609187
0.768823
0.129796
0.247576
0.362282
0.570601
0.885751
0.678790
0.592806
0.310575
0.594613
0.260603
0.595446
0.145893
0.619998
0.198933
0.105280
0.594613
0.753490
0.294716
0.549764
0.460914
1.002138
0.764625
0.254962
0.334643
0.573932
0.221175
0.667430
0.313978
0.163220
0.609187
0.768823
0.683721
0.315107
1.211349
0.162294
0.595446
0.602287
0.440444
0.421691
0.672698
0.354316
0.163220
0.264903
0.853607
0.251845
0.311725
1.212517
0.720452
0.459266
0.440444
0.768823
0.142824
0.244484
0.255269
1.002138
0.221175
0.476359
0.497238
0.594613
0.260603
0.251845
0.449527
1.211349
