# Created by Octave 4.0.0, Wed Mar 14 20:33:03 2018 CST <hujia@hujia>
# name: svmp1
# type: matrix
# rows: 360
# columns: 1
0.981530
1.726280
0.976393
1.029254
1.375547
1.010680
0.976393
1.041652
1.159433
1.001181
0.979536
1.433377
0.976393
1.015264
1.947512
1.220427
1.220427
0.969044
0.979733
0.998719
0.974796
1.018446
1.850980
1.220427
0.968595
0.992616
1.504091
0.998719
2.358289
0.992965
1.013859
0.998719
0.981530
0.967473
0.992965
1.604745
0.976393
1.696467
0.998719
1.643553
1.555050
0.970691
1.018446
1.740535
2.358289
0.998719
2.419272
2.419272
2.445417
2.419272
1.938990
1.668501
1.843757
1.018446
1.041652
0.976393
2.419272
1.008509
0.973425
1.037278
2.709058
0.992616
1.041652
1.240102
2.358289
1.947512
0.998719
0.992965
0.987441
1.004405
0.964860
1.008755
0.967955
1.025030
0.978360
0.967955
0.974055
2.419272
1.020043
1.041652
0.983003
0.967955
0.987300
2.358289
1.947512
1.416432
0.998719
1.726280
1.947512
0.966425
1.020798
1.059590
0.972326
1.726280
1.846267
1.082042
1.216072
0.992616
1.014045
0.992616
0.977776
1.016979
0.964692
0.973689
1.606659
0.994176
0.978252
2.247425
0.992965
1.947512
1.974846
2.358289
0.988513
2.419272
1.373895
1.417836
0.998719
0.981791
1.159433
1.220427
1.460798
1.220427
1.373895
0.973425
0.997805
1.578878
2.286778
0.976393
3.022017
2.247425
1.159433
0.967955
0.973538
2.726526
2.419272
1.013033
0.989884
0.987747
1.027249
2.081355
1.933751
2.246370
1.327157
1.373895
1.041652
0.986876
0.992616
1.159433
1.373895
0.977393
1.691913
1.015264
0.976393
2.558843
1.015264
2.413122
1.029254
1.726280
0.987893
2.419272
1.726280
1.029254
1.029254
0.980543
1.015264
1.488533
1.947512
0.974796
0.981530
0.998719
0.981530
1.041652
2.036259
1.373895
1.002220
2.358289
0.981530
0.992965
0.978958
1.220427
1.030900
0.967955
1.726280
0.992581
0.966876
0.981530
2.358289
1.850980
0.989331
2.178418
1.498844
1.018803
1.041652
1.373895
1.947512
0.998719
1.015264
1.008078
1.018446
1.947512
1.029254
1.011510
0.992965
0.977136
1.575916
1.015264
0.989318
0.992965
1.416432
1.159433
1.029254
0.967955
1.041140
2.358289
1.010140
0.981530
0.981530
2.358289
1.220427
1.018446
2.167850
1.947512
0.993735
0.992965
1.726280
1.373895
2.358289
1.552945
0.992965
1.016126
2.246370
2.419272
1.400101
1.015264
1.018446
0.981530
0.992965
0.973029
1.248584
1.270313
0.973297
1.019863
0.975676
0.981530
1.015264
0.992616
0.976393
1.843757
0.992616
1.008820
0.997538
2.247425
1.938990
2.247425
1.018446
0.998719
1.018446
1.000335
1.354278
1.220427
1.220427
2.358289
1.373895
1.373895
1.726280
1.043156
1.931191
1.850980
2.358289
0.992965
2.358289
1.220427
0.967955
1.029254
0.976393
1.018446
1.938990
1.288282
1.867884
0.969044
1.494856
0.984594
0.992965
1.504091
0.998719
0.994711
1.373895
1.015264
1.029254
0.963777
1.116457
0.971843
0.982082
1.726280
2.247425
1.576472
0.992616
2.419272
0.970750
0.965319
2.419272
0.972152
1.220427
1.014045
0.987300
0.975661
1.159433
1.740535
0.999666
0.979192
1.017751
1.029254
1.159433
0.992581
0.992616
0.998719
0.976130
1.018446
0.981530
1.047777
0.980792
2.009876
1.644445
1.373895
1.082042
1.015264
1.018446
0.989164
0.962012
0.967955
1.182723
1.726280
1.007701
1.947512
2.804059
0.989331
0.977630
0.976393
0.970206
0.976393
1.006734
0.992965
1.575916
1.000193
2.358289
0.967955
1.947512
1.159433
0.983003
1.220427
0.963147
2.850175
1.018446
0.982060
0.976393
1.008126
1.373895
1.937979
0.967955
0.977164
