# Created by Octave 4.0.0, Wed Mar 14 20:33:03 2018 CST <hujia@hujia>
# name: svmn1
# type: matrix
# rows: 2988
# columns: 1
-15.641587
-3.199422
-11.987820
-15.166310
-14.732543
-16.129744
-16.180872
-2.028385
-11.196437
-1.004353
-15.634025
-15.585014
-8.159974
-14.257594
-11.645473
-2.176991
-2.753276
-17.487040
-8.690693
-10.797428
-16.232344
-14.269199
-15.818969
-1.485737
-2.817840
-15.940286
-16.121344
-16.482037
-3.882850
-1.780880
-2.837969
-2.588892
-14.992880
-12.290013
-13.594169
-2.372203
-11.863931
-1.399102
-15.406377
-2.663745
-14.591969
-9.341706
-1.524123
-15.193952
-1.642257
-16.348476
-12.285891
-13.883604
-6.334295
-2.566465
-15.477892
-17.341309
-2.188992
-10.276236
-18.797092
-1.551453
-4.914132
-1.414760
-16.232344
-15.121775
-13.093606
-15.680748
-10.937280
-14.171887
-16.044270
-19.109144
-2.577182
-9.383429
-6.030287
-2.832362
-16.568819
-15.159007
-1.581943
-16.063889
-16.357769
-15.612661
-16.026934
-16.144489
-14.815530
-7.948444
-1.588748
-16.232344
-1.795820
-1.256674
-9.774986
-1.079973
-5.858214
-14.173717
-16.500370
-3.771157
-9.399916
-1.638642
-3.676228
-7.776183
-16.232344
-8.062572
-3.819417
-16.376284
-13.070092
-13.966136
-14.404877
-5.179455
-12.068103
-16.052013
-17.587765
-2.622669
-13.910066
-1.715099
-1.235811
-16.164299
-2.258653
-10.862597
-1.252090
-8.299871
-1.834583
-1.542209
-13.901243
-3.297862
-16.122864
-14.002118
-1.088237
-14.587930
-4.681872
-14.530663
-15.094560
-0.979607
-8.628510
-15.532092
-8.586472
-16.882219
-10.548465
-16.232344
-2.853657
-1.414760
-2.992960
-1.756417
-2.676052
-2.734564
-14.954530
-16.336235
-1.140306
-4.120289
-1.286675
-2.585475
-13.697819
-1.414760
-16.231911
-6.807915
-2.906178
-16.231842
-1.364448
-6.799555
-2.352380
-2.296489
-8.978878
-16.180147
-2.570082
-15.526937
-0.986115
-14.089941
-16.726967
-14.978393
-12.516786
-1.179789
-1.464323
-2.647454
-1.467307
-15.752126
-9.431480
-14.641366
-13.271633
-1.414760
-12.601469
-4.944682
-2.455474
-2.467500
-16.474543
-1.666740
-16.298494
-16.229469
-15.116707
-2.119596
-13.547345
-1.597277
-5.431580
-3.378546
-14.007635
-13.937977
-1.722623
-12.050932
-15.461674
-12.337788
-2.215997
-2.620811
-16.958055
-16.720259
-7.576131
-14.913927
-9.953716
-14.545160
-2.024321
-9.129088
-14.905643
-1.420277
-14.373338
-1.956123
-8.345464
-6.168623
-1.263317
-1.911058
-1.726808
-16.455816
-14.735469
-16.191212
-1.697674
-10.527347
-0.993310
-14.944397
-15.740578
-2.618660
-1.493801
-1.699624
-2.186263
-15.831625
-11.393460
-2.037978
-2.708426
-12.600664
-1.068587
-3.998832
-13.132877
-15.937722
-13.090841
-15.899481
-14.148897
-4.231883
-16.376448
-16.225029
-0.995910
-16.669411
-1.016370
-13.225473
-16.259855
-1.438458
-14.138019
-14.415417
-16.123415
-1.017564
-14.851655
-13.333637
-12.199419
-12.821558
-16.169718
-2.550499
-13.422882
-3.708197
-5.275456
-10.722110
-8.493736
-3.915210
-2.809487
-16.232344
-7.681130
-2.059291
-14.369240
-16.336590
-1.990048
-2.135838
-16.081888
-13.353703
-19.881733
-0.992618
-1.650979
-5.702761
-12.582732
-17.801455
-1.971174
-15.420420
-15.244400
-1.681271
-1.032250
-8.060168
-0.987743
-15.039378
-1.412165
-2.427458
-1.008183
-6.108951
-14.100170
-14.189217
-1.624590
-3.216150
-16.172634
-9.358258
-1.018674
-14.398436
-16.232344
-8.746298
-15.024220
-13.267885
-9.282671
-15.422832
-3.793052
-1.732959
-15.188035
-16.901665
-2.237302
-1.139726
-12.493717
-15.833646
-1.539052
-8.198401
-11.141686
-2.303113
-2.326531
-3.127623
-16.573977
-16.232344
-1.414594
-3.342364
-16.375547
-14.893492
-3.371479
-16.184893
-3.063469
-0.962661
-16.593456
-16.470442
-1.104548
-1.759134
-13.769749
-4.559181
-1.552907
-8.850886
-14.536859
-16.226048
-16.232344
-1.511356
-2.028565
-16.505314
-16.394793
-19.376047
-13.561187
-16.100847
-12.821803
-15.020621
-5.028005
-8.579649
-1.096813
-2.889796
-3.997172
-1.459358
-4.201648
-17.896177
-2.054309
-16.299324
-9.795382
-16.094839
-16.234642
-5.778115
-2.153785
-15.961864
-15.536384
-17.834793
-7.810736
-3.187924
-7.855110
-2.386678
-15.500913
-2.684685
-15.037504
-1.999638
-14.223283
-5.481975
-8.718366
-17.995258
-2.146760
-1.722307
-10.171407
-12.154087
-1.695292
-8.348619
-17.242891
-2.103699
-3.037200
-2.016608
-15.879708
-16.232344
-16.091990
-2.120044
-1.991335
-11.627104
-2.200164
-2.496288
-15.789460
-1.025449
-14.099126
-1.369134
-5.762885
-2.457756
-12.285071
-16.096054
-15.786729
-16.232828
-12.395029
-2.834144
-15.972920
-15.534937
-11.355083
-0.959608
-1.023843
-2.212181
-3.284174
-17.050535
-15.997372
-14.563455
-16.118118
-18.936787
-16.240784
-16.263960
-16.232344
-16.229977
-1.521180
-5.009597
-9.176969
-14.464131
-2.269783
-15.001150
-2.456812
-11.020201
-2.477322
-1.114425
-3.643130
-3.147251
-11.365170
-5.911166
-12.426862
-1.412012
-16.809748
-4.111228
-12.714294
-16.219669
-15.943109
-0.971190
-3.271600
-12.055378
-0.984141
-16.306034
-0.971008
-14.699022
-7.447058
-15.157624
-1.020382
-7.178235
-1.399876
-2.080553
-15.652238
-13.243308
-12.700314
-15.072706
-17.540281
-2.838863
-1.749949
-1.408765
-15.842511
-14.197667
-2.036976
-17.138020
-2.295760
-11.723129
-18.099674
-11.089583
-1.337118
-15.758089
-14.771470
-0.997610
-3.328963
-7.910042
-1.000241
-17.571884
-3.820245
-16.078384
-3.847653
-15.981792
-2.716768
-13.960035
-11.752386
-2.826641
-16.670498
-1.025452
-7.991584
-2.203475
-1.173016
-1.413283
-3.670311
-2.175334
-5.490290
-2.067624
-4.595738
-15.965039
-2.090334
-2.161768
-2.058925
-0.971644
-15.845290
-13.567828
-5.353587
-15.254643
-0.966051
-10.592190
-1.848939
-2.388611
-6.567438
-7.660676
-8.293304
-1.020123
-1.215117
-16.236740
-6.493820
-2.460380
-2.083066
-1.392295
-4.796609
-16.232344
-17.407454
-7.133533
-1.007447
-3.585615
-1.362951
-1.084934
-7.995063
-2.560246
-7.848166
-13.541392
-1.610628
-15.325347
-0.964033
-11.686691
-14.781869
-16.334352
-4.129230
-5.167480
-16.355566
-15.517415
-4.923389
-1.524992
-1.766528
-12.677715
-14.622692
-8.415504
-16.598579
-1.393692
-2.323078
-17.285336
-2.249281
-1.444521
-1.448650
-1.567226
-16.231468
-1.918191
-12.334581
-2.766276
-4.601792
-4.193567
-11.257380
-15.301745
-3.718302
-16.232344
-1.916336
-16.184771
-3.100448
-15.943999
-15.740836
-8.304581
-16.232344
-15.379515
-1.334675
-11.827415
-16.648296
-16.330858
-15.959614
-14.725689
-2.548490
-14.192864
-15.712192
-2.124283
-11.258532
-8.414367
-17.846106
-9.596101
-1.922751
-3.286864
-1.231528
-13.033444
-12.327208
-2.161485
-10.979771
-16.232557
-17.542593
-10.446692
-9.713556
-10.729783
-16.394318
-16.374022
-16.826319
-2.678224
-2.092989
-2.982439
-14.912787
-12.396236
-1.567930
-12.194592
-1.939744
-12.708443
-17.147141
-16.228209
-7.402665
-9.543260
-13.612406
-1.414760
-16.150188
-1.412284
-18.623806
-1.800194
-11.190473
-15.717169
-3.995236
-14.080346
-16.481112
-16.232344
-1.045466
-13.126108
-2.387904
-11.190262
-12.281316
-1.587886
-4.126283
-0.988292
-1.412357
-16.232344
-14.968058
-1.017778
-1.031913
-16.232344
-15.618799
-10.456256
-2.406961
-5.370536
-16.232586
-3.462043
-0.969108
-14.974177
-1.001170
-16.160393
-2.165738
-15.862277
-16.262234
-14.736124
-12.350591
-11.585732
-4.410673
-1.513860
-14.127610
-1.456474
-17.202011
-3.568202
-15.847734
-1.860072
-17.884905
-5.332114
-7.227216
-6.729501
-1.563905
-17.452370
-1.877084
-15.852739
-16.232344
-15.775918
-14.213401
-1.027602
-10.808194
-1.833268
-14.839092
-16.125967
-6.481322
-6.936142
-1.019456
-16.230837
-16.232910
-7.323730
-13.028676
-4.079272
-1.414427
-16.232332
-3.321194
-0.986593
-16.481760
-1.341180
-1.653443
-14.028766
-16.232344
-13.910518
-1.231535
-16.140751
-13.449768
-12.612091
-1.614241
-1.457188
-1.008639
-0.980583
-15.246890
-12.631687
-16.046736
-16.272825
-4.061552
-16.183653
-2.959085
-16.232344
-15.695596
-14.445157
-16.140650
-10.555763
-16.232344
-3.379231
-12.779399
-1.656131
-1.469091
-1.117961
-1.624935
-3.272790
-2.831082
-8.633591
-8.030592
-1.418434
-14.006882
-1.422735
-16.149990
-12.287983
-12.941806
-1.231116
-6.266261
-15.086794
-15.101226
-18.012932
-10.900520
-15.347547
-4.850185
-8.729136
-1.621335
-9.012700
