# Created by Octave 4.0.0, Wed Mar 14 20:33:03 2018 CST <hujia@hujia>
# name: svmn2
# type: matrix
# rows: 2988
# columns: 1
-1.401102
-1.219289
-2.528225
-0.257948
-1.426463
-2.392839
0.138359
-0.310983
-1.464191
-0.200884
-0.273750
-2.737429
-1.809593
-0.405886
-2.818793
-2.667278
-2.568836
-0.495351
-2.261297
-2.322752
-2.819187
-3.275978
-0.693497
-2.173061
-1.840737
-1.748570
-2.790201
-2.765334
-2.725770
-0.739664
-1.788103
-2.031382
-0.352608
-2.687194
-2.081267
-0.317520
-0.577325
-3.045966
-0.280204
-2.405524
-2.557229
-1.072920
-0.611047
-2.045133
-3.075935
-1.597313
-0.460819
-1.734012
-1.185579
-0.571586
-1.408738
-2.527166
-1.478327
-1.247007
-0.935728
-1.829799
-0.570569
-0.290138
-2.849859
-1.987324
-1.483450
-1.247970
-1.924013
-0.977885
-0.286479
-2.791986
-1.048510
-2.485718
-2.215034
-0.872762
-1.598211
-2.690944
-1.089133
-2.660903
-1.957832
-0.496997
-2.952032
-0.896228
-2.762720
-2.747618
-2.346958
-1.778797
-1.926981
-2.489730
-0.700117
-2.690871
-0.591873
-2.364172
-3.038120
-0.467080
-1.891365
-2.437196
-0.320662
-1.092948
-0.834187
-1.901548
-0.067274
-1.671685
-1.048925
-1.172514
-1.078872
-0.882638
-0.999107
-0.037654
-1.048130
-0.280737
-2.690388
-1.886200
-0.610781
-0.430174
-1.013465
-0.480019
-1.847967
-2.287757
-1.384535
-2.486695
-2.691402
-0.031153
-3.247565
-2.872782
-0.568869
-2.320256
-1.405671
-0.286105
-0.336245
-0.279625
-0.285817
-0.986846
-1.263016
-0.785807
-0.285358
-0.999515
-2.687056
-0.270805
-1.752184
-0.356833
-2.496677
-2.763416
-2.752359
-2.380149
-1.191073
-2.261682
-2.027059
-0.493696
-2.183812
-2.286998
-2.463448
-0.655366
-0.286321
-2.458401
-1.809453
-0.686215
-2.694087
-3.353393
-0.805052
-2.202831
-0.749941
-1.712378
-2.693254
-0.722129
-1.204309
-0.337710
-0.286068
-1.221000
-2.671332
-0.305959
-0.171709
-2.271584
-0.680061
-3.080559
-0.953461
-1.939501
-0.869696
-0.235621
-2.727935
-2.336209
-0.703347
-2.691240
-1.434573
-0.025327
-1.862083
-2.833824
-2.371678
-2.111890
-2.691656
-1.922244
-2.597842
-2.793944
-0.761160
-0.273291
-1.542885
-0.790033
-2.336189
-2.522021
-0.420510
-1.822959
-1.969431
-0.722654
-2.777121
0.145711
-0.559129
-1.072315
-1.568979
-1.445953
-0.498749
0.010123
-2.420388
-1.713637
-2.427263
-0.256588
-2.218107
-0.255713
-1.276925
-0.405804
-2.331383
-1.294357
-0.443244
-2.592846
-2.657243
-2.675820
-2.617230
-2.711660
-0.469287
-0.053797
-1.557963
-2.690944
-0.898031
-2.413386
-0.495185
-0.804624
-0.492731
-0.924259
-1.870307
-2.939551
-1.876306
-2.831604
-0.764530
-0.064861
-1.526992
-1.885521
-0.667416
-2.249040
-2.495032
-2.685725
-1.431883
-2.821920
-0.538812
-2.260453
-2.433770
-2.799289
-2.522709
-0.607164
-2.873136
-0.719833
-0.486799
-2.658260
-1.255271
-2.689422
-0.489729
-2.680222
-2.021798
-2.644542
-2.942122
-0.825145
-2.202748
-2.304206
-1.801118
-1.963714
-2.730253
-3.026933
-2.773297
-1.389427
-1.608093
-1.387890
-2.544127
-0.277778
-0.226567
-2.476540
-1.934490
-1.690758
-1.235604
-2.690944
-2.828197
-2.690944
-1.232044
-1.474884
-0.285626
-2.555518
-2.872851
-2.759661
-0.280361
-1.637931
-1.072131
-2.690222
-2.754101
-0.226703
-2.734706
-2.973315
-1.267649
-2.746250
-0.530248
-1.933225
-1.664338
-0.286287
-1.405666
-1.077554
-2.206856
-0.332533
-0.523208
-1.352925
-2.566829
-2.189710
-0.178636
-1.694701
-1.230946
-2.487682
-1.029152
-0.420970
-1.847712
0.018337
-2.031192
-1.637509
-0.364789
-3.130090
-0.434726
-1.177320
-2.558592
-0.419686
-2.019849
-0.385686
-2.764315
-1.604302
-0.655727
-2.437855
-0.174324
-0.278682
-2.604919
-1.235566
-0.373143
-2.936044
-2.883827
-0.473980
-0.952778
-0.444698
-1.369595
-1.162899
-2.497488
-0.413347
-1.800093
-0.432277
-0.732932
-3.028633
-0.903981
-2.748465
-1.592666
-0.470422
-1.131087
-1.548102
-0.760488
-1.240902
-0.396850
-1.725489
-0.377680
-1.058826
-1.571306
-2.594261
-2.549273
-2.278043
-1.212075
-2.298334
-0.326039
-2.687860
-2.825618
-0.416712
-2.619302
-2.650009
-1.873491
-0.109614
-0.650569
-0.891013
-2.433971
-0.316035
-2.454274
-2.413430
-0.562259
-0.527559
-1.865138
-0.681962
-3.109074
-2.650771
-2.802737
-2.860902
-2.730564
-2.690944
-2.697585
-1.709453
-2.327486
-0.233505
-2.512482
-2.131929
-1.316079
-0.678238
-2.782510
-2.292945
-2.438140
-2.690944
-2.691344
-1.534807
-0.244138
-0.286321
-1.365876
-2.109677
-2.413399
-1.562671
-2.751949
-2.055290
-0.097111
-0.374862
-1.555932
-1.434522
-0.636892
-0.073617
-3.066657
-2.692173
-0.338528
-0.492423
-1.879557
-0.222022
-2.089995
-1.202495
-0.920131
-0.744123
-1.263168
-2.168520
-3.094959
-2.691031
-2.161151
-0.665679
-1.768115
-2.826558
-2.548509
-2.328823
-2.539717
-2.172431
-2.184565
-1.472558
-2.830752
-1.845723
-1.655470
-3.056946
-0.500814
-0.057187
-1.312624
-1.577520
-3.406446
-2.836746
-3.353476
-0.356092
-1.533235
-1.612358
-0.107797
-0.818470
-0.150337
-0.205050
-0.596321
-0.924239
-2.922852
-3.074850
-0.437505
-2.535989
-1.361690
-0.286321
-0.889546
-1.157782
-2.690944
-1.039227
-2.926493
-2.648469
-0.290003
-2.284808
-0.286321
-1.261630
-2.460966
-1.636278
-0.256114
-2.866920
-2.690944
-0.584203
-3.538418
-2.364548
-2.390127
-1.948523
-2.482389
-2.181875
-1.532474
-2.691278
-2.819013
-2.690944
-2.645371
-2.643495
-2.272960
-1.939490
-1.864602
-0.504137
-0.231658
-2.621341
-2.794526
-0.135510
-2.744501
-0.068948
-2.277152
-2.552386
-2.573392
-2.589843
-0.457096
-2.446720
-1.618470
-0.273722
-0.948392
-1.753627
-2.616250
-0.156099
-1.866010
-1.522304
-1.877732
-2.085010
-0.770604
-1.954641
-0.384201
-1.018422
-0.274436
-1.980022
-0.768152
-2.020139
-0.575303
-0.247289
-1.206686
-0.841608
-3.029588
-0.355304
-0.084828
-1.710067
-2.616719
-0.322638
-1.884062
-1.296113
-0.239000
-0.326222
-2.702590
-2.454383
-1.333202
-1.516217
-0.984895
-0.576343
-0.283700
-1.812185
-2.504022
-2.463975
-0.303380
-1.236259
-0.304404
-1.292078
-1.808514
-0.976166
-0.210723
-2.229798
-1.282686
-2.472900
-1.347980
-2.691027
-0.265289
-0.767473
-1.247318
-2.686500
-2.027533
-2.683067
-0.267364
-2.077633
-0.286321
-2.462828
-1.751686
-1.534412
-0.373517
-2.681248
-0.733509
-2.035375
-3.122910
-2.270261
-2.188364
-2.687371
-1.437443
-1.741827
-1.832595
-2.877209
-2.405607
-0.772593
-0.957131
-1.781110
-0.284598
-1.624972
-2.728462
-1.638181
-1.690641
-0.585949
-2.209500
-2.896644
0.230194
-2.705374
-0.891291
-3.002770
-1.457904
-2.687208
-0.127025
-1.699457
-2.815719
-0.064524
-1.893734
-1.105986
-0.233396
-2.180294
-1.620829
-0.384388
-0.325425
-0.881135
-2.599429
-2.510214
-0.638491
-2.491568
-1.879933
-0.869259
-0.987470
-0.244994
-2.233572
-2.944828
-2.594123
-0.691902
-0.490846
-3.437284
-2.690944
-0.160868
-2.690944
-0.353564
-2.457317
-2.796842
-0.289092
-0.042774
-0.322931
-0.073867
-2.659863
-0.952171
-0.408972
-0.377006
-2.690794
-0.270393
-1.916629
-0.630452
-2.476333
-1.308595
-2.736244
-1.326561
-2.573760
-0.013917
-3.150477
-0.683946
-1.061800
-2.605785
-2.176442
-0.286224
-0.113052
-0.286321
-1.575602
-0.516084
-0.157937
-0.300518
-0.684886
-0.696670
-0.289250
-1.030386
-1.884016
-2.248210
-0.337387
-1.227145
-2.949160
-0.656056
-2.959274
-0.511411
-0.298628
-2.618635
-2.241950
-1.161411
-2.120867
-0.480524
-0.631011
-1.080372
-1.310777
-0.251252
-0.276771
-2.505922
-2.078092
-1.092458
-1.813818
-1.647402
-0.924227
-2.677104
-3.012432
-2.542084
-2.508355
-1.253855
-1.585907
-2.600919
-0.519381
-2.081334
-0.427672
-2.661074
-1.705543
-2.234265
-0.768267
-2.677320
-1.600387
-0.251086
-2.864263
-0.581403
-1.662635
-0.507017
-2.356858
-1.210645
-0.283328
-0.098616
-0.366709
-0.270577
-2.600615
-2.690944
-2.370357
-0.863234
-1.884085
-2.597245
-0.286321
-2.711871
-0.643223
-2.764402
-2.955322
-0.594104
-2.231299
-0.380563
-0.184162
-0.191807
-2.690754
-0.120552
-0.442933
-2.713775
-1.129560
-2.020832
-0.700364
-1.647635
-2.733174
-2.435075
-0.376965
-3.524967
-1.861760
-2.691608
-2.612295
-0.653363
-2.160460
-2.406246
-0.833863
-2.632133
-0.267432
-2.736080
-0.482376
-1.263267
-2.138019
-2.241857
-1.582305
-2.810763
-0.953139
-1.936232
-1.330077
-2.775325
-0.890067
-1.949076
-0.317902
-2.690944
-2.690944
-2.336230
-2.853892
-2.690944
-0.988004
